2.052869999999999973e+00
2.050739999999999785e+00
2.048620000000000108e+00
2.046489999999999920e+00
2.044360000000000177e+00
2.042229999999999990e+00
2.040070000000000050e+00
2.037889999999999979e+00
2.035709999999999908e+00
2.033529999999999838e+00
2.031350000000000211e+00
2.029170000000000140e+00
2.026819999999999844e+00
2.024319999999999897e+00
2.021819999999999951e+00
2.019320000000000004e+00
2.016820000000000057e+00
2.014310000000000045e+00
2.011779999999999902e+00
2.009209999999999940e+00
2.006650000000000045e+00
2.004080000000000084e+00
2.001520000000000188e+00
1.998950000000000005e+00
1.996399999999999952e+00
1.993910000000000071e+00
1.991419999999999968e+00
1.988930000000000087e+00
1.986429999999999918e+00
1.983940000000000037e+00
1.981409999999999894e+00
1.978849999999999998e+00
1.976290000000000102e+00
1.973729999999999984e+00
1.971170000000000089e+00
1.968609999999999971e+00
1.966020000000000101e+00
1.963500000000000023e+00
1.960979999999999945e+00
1.958460000000000090e+00
1.955929999999999946e+00
1.953410000000000091e+00
1.950860000000000039e+00
1.948290000000000077e+00
1.945710000000000051e+00
1.943140000000000089e+00
1.940569999999999906e+00
1.935419999999999918e+00
1.932839999999999892e+00
1.930269999999999930e+00
1.927689999999999904e+00
1.925119999999999942e+00
1.922549999999999981e+00
1.919929999999999914e+00
1.917270000000000030e+00
1.914600000000000080e+00
1.911939999999999973e+00
1.909280000000000088e+00
1.906619999999999981e+00
1.904050000000000020e+00
1.901459999999999928e+00
1.898879999999999901e+00
1.896300000000000097e+00
1.893720000000000070e+00
1.891129999999999978e+00
1.888530000000000042e+00
1.885909999999999975e+00
1.883299999999999974e+00
1.880679999999999907e+00
1.878060000000000063e+00
1.872859999999999969e+00
1.870370000000000088e+00
1.867869999999999919e+00
1.865369999999999973e+00
1.862870000000000026e+00
1.860370000000000079e+00
1.857850000000000001e+00
1.855299999999999949e+00
1.852749999999999897e+00
1.850190000000000001e+00
1.847639999999999949e+00
1.842570000000000041e+00
1.840049999999999963e+00
1.837539999999999951e+00
1.835029999999999939e+00
1.832519999999999927e+00
1.830009999999999915e+00
1.827490000000000059e+00
1.824950000000000072e+00
1.822419999999999929e+00
1.819890000000000008e+00
1.817350000000000021e+00
1.814820000000000100e+00
1.812270000000000048e+00
1.809779999999999944e+00
1.807290000000000063e+00
1.804789999999999894e+00
1.802300000000000013e+00
1.799809999999999910e+00
1.797290000000000054e+00
1.794750000000000068e+00
1.792219999999999924e+00
1.789679999999999938e+00
1.787139999999999951e+00
1.782040000000000068e+00
1.779460000000000042e+00
1.776880000000000015e+00
1.774289999999999923e+00
1.771709999999999896e+00
1.769130000000000091e+00
1.766529999999999934e+00
1.763910000000000089e+00
1.761290000000000022e+00
1.758669999999999956e+00
1.756050000000000111e+00
1.750890000000000057e+00
1.748359999999999914e+00
1.745819999999999927e+00
1.743290000000000006e+00
1.740750000000000020e+00
1.738220000000000098e+00
1.735679999999999890e+00
1.733119999999999994e+00
1.730569999999999942e+00
1.728019999999999889e+00
1.725459999999999994e+00
1.720339999999999980e+00
1.717740000000000045e+00
1.715149999999999952e+00
1.712550000000000017e+00
1.709950000000000081e+00
1.707359999999999989e+00
1.704749999999999988e+00
1.702129999999999921e+00
1.699510000000000076e+00
1.696890000000000009e+00
1.694269999999999943e+00
1.689089999999999980e+00
1.686560000000000059e+00
1.684029999999999916e+00
1.681499999999999995e+00
1.678960000000000008e+00
1.676430000000000087e+00
1.673890000000000100e+00
1.671340000000000048e+00
1.668789999999999996e+00
1.666230000000000100e+00
1.663680000000000048e+00
1.661129999999999995e+00
1.658600000000000074e+00
1.656090000000000062e+00
1.653580000000000050e+00
1.651070000000000038e+00
1.648560000000000025e+00
1.646050000000000013e+00
1.643540000000000001e+00
1.641029999999999989e+00
1.638509999999999911e+00
1.635999999999999899e+00
1.633480000000000043e+00
1.628440000000000110e+00
1.625920000000000032e+00
1.623410000000000020e+00
1.620889999999999942e+00
1.618379999999999930e+00
1.615860000000000074e+00
1.613339999999999996e+00
1.610810000000000075e+00
1.608279999999999932e+00
1.605750000000000011e+00
1.603220000000000089e+00
1.598149999999999959e+00
1.595620000000000038e+00
1.593089999999999895e+00
1.590559999999999974e+00
1.588030000000000053e+00
1.585499999999999909e+00
1.582969999999999988e+00
1.580449999999999910e+00
1.577930000000000055e+00
1.575399999999999912e+00
1.572880000000000056e+00
1.570359999999999978e+00
1.567779999999999951e+00
1.565120000000000067e+00
1.562470000000000026e+00
1.559809999999999919e+00
1.557150000000000034e+00
1.554499999999999993e+00
1.551840000000000108e+00
1.549190000000000067e+00
1.546529999999999960e+00
1.543879999999999919e+00
1.541220000000000034e+00
1.535970000000000057e+00
1.533449999999999980e+00
1.530929999999999902e+00
1.528410000000000046e+00
1.525879999999999903e+00
1.523360000000000047e+00
1.520850000000000035e+00
1.518340000000000023e+00
1.515830000000000011e+00
1.513319999999999999e+00
1.510799999999999921e+00
1.505779999999999896e+00
1.503230000000000066e+00
1.500669999999999948e+00
1.498119999999999896e+00
1.495560000000000000e+00
1.493009999999999948e+00
1.490459999999999896e+00
1.487910000000000066e+00
1.485360000000000014e+00
1.482809999999999961e+00
1.480259999999999909e+00
1.477700000000000014e+00
1.475149999999999961e+00
1.472639999999999949e+00
1.470140000000000002e+00
1.467629999999999990e+00
1.465119999999999978e+00
1.462620000000000031e+00
1.460120000000000084e+00
1.457640000000000047e+00
1.455160000000000009e+00
1.452679999999999971e+00
1.450199999999999934e+00
1.445189999999999975e+00
1.442579999999999973e+00
1.439959999999999907e+00
1.437349999999999905e+00
1.434739999999999904e+00
1.432129999999999903e+00
1.429519999999999902e+00
1.426930000000000032e+00
1.424339999999999939e+00
1.421750000000000069e+00
1.419149999999999912e+00
1.416560000000000041e+00
1.414050000000000029e+00
1.411669999999999980e+00
1.409289999999999932e+00
1.406919999999999948e+00
1.404539999999999900e+00
1.402160000000000073e+00
1.399799999999999933e+00
1.397440000000000015e+00
1.395080000000000098e+00
1.392719999999999958e+00
1.390360000000000040e+00
1.385469999999999979e+00
1.382770000000000055e+00
1.380060000000000064e+00
1.377359999999999918e+00
1.374659999999999993e+00
1.371960000000000068e+00
1.369269999999999987e+00
1.366610000000000102e+00
1.363939999999999930e+00
1.361269999999999980e+00
1.358610000000000095e+00
1.353450000000000042e+00
1.351080000000000059e+00
1.348710000000000075e+00
1.346340000000000092e+00
1.343970000000000109e+00
1.341599999999999904e+00
1.339250000000000052e+00
1.336920000000000108e+00
1.334600000000000009e+00
1.332270000000000065e+00
1.329949999999999966e+00
1.325280000000000014e+00
1.322950000000000070e+00
1.320629999999999971e+00
1.318300000000000027e+00
1.315979999999999928e+00
1.313649999999999984e+00
1.311320000000000041e+00
1.308999999999999941e+00
1.306669999999999998e+00
1.304349999999999898e+00
1.302019999999999955e+00
