2.473859999999999948e-01
2.482749999999999957e-01
2.492640000000000133e-01
2.503529999999999922e-01
2.515390000000000126e-01
2.528230000000000199e-01
2.542010000000000103e-01
2.556729999999999836e-01
2.572369999999999934e-01
2.588920000000000110e-01
2.606350000000000056e-01
2.624650000000000039e-01
2.645310000000000161e-01
2.668380000000000196e-01
2.692519999999999913e-01
2.717700000000000116e-01
2.743889999999999940e-01
2.771060000000000190e-01
2.799180000000000001e-01
2.828220000000000178e-01
2.858160000000000145e-01
2.888970000000000149e-01
2.920619999999999883e-01
2.953080000000000149e-01
2.986110000000000153e-01
3.019129999999999869e-01
3.052849999999999731e-01
3.087230000000000252e-01
3.122269999999999768e-01
3.157940000000000191e-01
3.194210000000000105e-01
3.231069999999999776e-01
3.268499999999999739e-01
3.306470000000000242e-01
3.344980000000000175e-01
3.383990000000000054e-01
3.423990000000000089e-01
3.467520000000000047e-01
3.511549999999999949e-01
3.556050000000000044e-01
3.601010000000000044e-01
3.646420000000000217e-01
3.692250000000000254e-01
3.738509999999999889e-01
3.785160000000000191e-01
3.832209999999999783e-01
3.879630000000000023e-01
3.923159999999999981e-01
3.967029999999999723e-01
4.011199999999999766e-01
4.055659999999999821e-01
4.100389999999999868e-01
4.145400000000000196e-01
4.190659999999999941e-01
4.236179999999999946e-01
4.281940000000000190e-01
4.327940000000000120e-01
4.374170000000000003e-01
4.420620000000000105e-01
4.465680000000000205e-01
4.515770000000000062e-01
4.566080000000000139e-01
4.616589999999999860e-01
4.667290000000000050e-01
4.718189999999999884e-01
4.769280000000000186e-01
4.820539999999999825e-01
4.871980000000000199e-01
4.923589999999999911e-01
4.975370000000000070e-01
5.021820000000000173e-01
5.071620000000000017e-01
5.121559999999999446e-01
5.171620000000000106e-01
5.221810000000000063e-01
5.272130000000000427e-01
5.322569999999999801e-01
5.373120000000000118e-01
5.423789999999999445e-01
5.474569999999999714e-01
5.525470000000000104e-01
5.571369999999999933e-01
5.617109999999999603e-01
5.662939999999999641e-01
5.708860000000000046e-01
5.754850000000000243e-01
5.800929999999999698e-01
5.847090000000000343e-01
5.893319999999999670e-01
5.939630000000000187e-01
5.986010000000000497e-01
6.032469999999999777e-01
6.078989999999999672e-01
6.125819999999999599e-01
6.176329999999999876e-01
6.226909999999999945e-01
6.277570000000000094e-01
6.328289999999999749e-01
6.379070000000000018e-01
6.429920000000000080e-01
6.480829999999999647e-01
6.531799999999999828e-01
6.582829999999999515e-01
6.633919999999999817e-01
6.680979999999999697e-01
6.733090000000000463e-01
6.785250000000000448e-01
6.837469999999999937e-01
6.889729999999999466e-01
6.942059999999999897e-01
6.994430000000000369e-01
7.046850000000000058e-01
7.099330000000000362e-01
7.151849999999999596e-01
7.204409999999999981e-01
7.250799999999999468e-01
7.301769999999999650e-01
7.352779999999999871e-01
7.403830000000000133e-01
7.454920000000000435e-01
7.506040000000000489e-01
7.557209999999999761e-01
7.608409999999999895e-01
7.659650000000000070e-01
7.710919999999999996e-01
7.762229999999999963e-01
7.809310000000000418e-01
7.861590000000000522e-01
7.913900000000000379e-01
7.966250000000000275e-01
8.018629999999999924e-01
8.071040000000000436e-01
8.123479999999999590e-01
8.175949999999999607e-01
8.228450000000000486e-01
8.280990000000000295e-01
8.333549999999999569e-01
8.380339999999999456e-01
8.426590000000000469e-01
8.472859999999999836e-01
8.519160000000000066e-01
8.565479999999999761e-01
8.611820000000000030e-01
8.658179999999999765e-01
8.704570000000000363e-01
8.750980000000000425e-01
8.797399999999999665e-01
8.843849999999999767e-01
8.890320000000000444e-01
8.936399999999999899e-01
8.986680000000000224e-01
9.036990000000000300e-01
9.087309999999999555e-01
9.137659999999999672e-01
9.188020000000000076e-01
9.238399999999999945e-01
9.288809999999999567e-01
9.339229999999999476e-01
9.389669999999999961e-01
9.440119999999999623e-01
9.486310000000000020e-01
9.536820000000000297e-01
9.587339999999999751e-01
9.637879999999999781e-01
9.688440000000000385e-01
9.739020000000000454e-01
9.789609999999999701e-01
9.840219999999999523e-01
9.890839999999999632e-01
9.941480000000000317e-01
9.992130000000000178e-01
1.003840000000000066e+00
1.008450000000000069e+00
1.013060000000000072e+00
1.017670000000000075e+00
1.022280000000000078e+00
1.026890000000000081e+00
1.031509999999999927e+00
1.036119999999999930e+00
1.040739999999999998e+00
1.045360000000000067e+00
1.049979999999999913e+00
1.054599999999999982e+00
1.059320000000000039e+00
1.064670000000000005e+00
1.070030000000000037e+00
1.075390000000000068e+00
1.080740000000000034e+00
1.086100000000000065e+00
1.091460000000000097e+00
1.096819999999999906e+00
1.102190000000000003e+00
1.107550000000000034e+00
1.112910000000000066e+00
1.117690000000000072e+00
1.122789999999999955e+00
1.127890000000000059e+00
1.132989999999999942e+00
1.138099999999999890e+00
1.143199999999999994e+00
1.148309999999999942e+00
1.153410000000000046e+00
1.158519999999999994e+00
1.163629999999999942e+00
1.168739999999999890e+00
1.173389999999999933e+00
1.178109999999999991e+00
1.182839999999999892e+00
1.187570000000000014e+00
1.192299999999999915e+00
1.197030000000000038e+00
1.201770000000000005e+00
1.206499999999999906e+00
1.211230000000000029e+00
1.215969999999999995e+00
1.220699999999999896e+00
1.225440000000000085e+00
1.230180000000000051e+00
1.235309999999999908e+00
1.240429999999999922e+00
1.245549999999999935e+00
1.250680000000000014e+00
1.255800000000000027e+00
1.260930000000000106e+00
1.266049999999999898e+00
1.271179999999999977e+00
1.276310000000000056e+00
1.281439999999999912e+00
1.286189999999999944e+00
1.291099999999999914e+00
1.296010000000000106e+00
1.300920000000000076e+00
1.305830000000000046e+00
1.310740000000000016e+00
1.315660000000000052e+00
1.320570000000000022e+00
1.325479999999999992e+00
1.330400000000000027e+00
1.335309999999999997e+00
1.340230000000000032e+00
1.344999999999999973e+00
1.349960000000000049e+00
1.354919999999999902e+00
1.359879999999999978e+00
1.364840000000000053e+00
1.369799999999999907e+00
1.374759999999999982e+00
1.379720000000000057e+00
1.384689999999999976e+00
1.389650000000000052e+00
1.394609999999999905e+00
1.399459999999999926e+00
1.405149999999999899e+00
1.410830000000000028e+00
1.416520000000000001e+00
1.422209999999999974e+00
1.427899999999999947e+00
1.433589999999999920e+00
1.439279999999999893e+00
1.444970000000000088e+00
1.450669999999999904e+00
1.456360000000000099e+00
1.461189999999999989e+00
1.466250000000000053e+00
1.471309999999999896e+00
1.476369999999999960e+00
1.481440000000000090e+00
1.486499999999999932e+00
1.491559999999999997e+00
1.496629999999999905e+00
1.501689999999999969e+00
1.506760000000000099e+00
1.511819999999999942e+00
1.516459999999999919e+00
1.521530000000000049e+00
1.526599999999999957e+00
1.531660000000000021e+00
1.536729999999999929e+00
1.541800000000000059e+00
1.546869999999999967e+00
1.551940000000000097e+00
1.557010000000000005e+00
1.562079999999999913e+00
1.567150000000000043e+00
